1 10
6 100
1 1000000000000000000
661 1000000000000000000
1 100000000000000000
18614 100000000000000000
12345 1000000000000000000
195284 1000000000000000000
6258 1000000000000000000
661 1000000000000000000
666 1000000000000000000
6286 1000000000000000000
1266 1000000000000000000
2 5865
3265 58694
254 2589647
2654 2596587
66 68686
6 666
6 66666
26 66622
16 166616
588 58866
599 59966
564 586
4555 4559
4668 4672
7654 9876
5648 569854
2653 258634
256 2547
654 8569
546 1000
1000 10000
101 106016
285 987
9685 985632
47852 96523
6668 6668
6 6
16958 16958
69857 69999
6124 69852
63256 69254
6354 6985
1622 1699
1621 68629
2564 85698
5241 596585
251 5896
625 9568
681 6985
62 962
52 967
6589 698524
65891 628954
6985248 78965214
625896 63258941
6256 95861
636 956
965 7682
258 369852147
369 25896412
954 963258
78965 698521
25698 652145
6985 65894
2547 856985
5698 25858
65656 658965
2526 369856
2569 698547
5698 569856
5468 58964
2563 252525
2565 9696
5656 565693
6541 696664
6541 6956696685
2568 9662256685244
1 15896325475
1 698523658965
1 953685662422
